 0.00000000e+00
 9.90099010e-03
 1.98019802e-02
 2.97029703e-02
 3.96039604e-02
 4.95049505e-02
 5.94059406e-02
 6.93069307e-02
 7.92079208e-02
 8.91089109e-02
 9.90099010e-02
 1.08910891e-01
 1.18811881e-01
 1.28712871e-01
 1.38613861e-01
 1.48514851e-01
 1.58415842e-01
 1.68316832e-01
 1.78217822e-01
 1.88118812e-01
 1.98019802e-01
 2.07920792e-01
 2.17821782e-01
 2.27722772e-01
 2.37623762e-01
 2.47524752e-01
 2.57425743e-01
 2.67326733e-01
 2.77227723e-01
 2.87128713e-01
 2.97029703e-01
 3.06930693e-01
 3.16831683e-01
 3.26732673e-01
 3.36633663e-01
 3.46534653e-01
 3.56435644e-01
 3.66336634e-01
 3.76237624e-01
 3.86138614e-01
 3.96039604e-01
 4.05940594e-01
 4.15841584e-01
 4.25742574e-01
 4.35643564e-01
 4.45544554e-01
 4.55445545e-01
 4.65346535e-01
 4.75247525e-01
 4.85148515e-01
 4.95049505e-01
 5.04950495e-01
 5.14851485e-01
 5.24752475e-01
 5.34653465e-01
 5.44554455e-01
 5.54455446e-01
 5.64356436e-01
 5.74257426e-01
 5.84158416e-01
 5.94059406e-01
 6.03960396e-01
 6.13861386e-01
 6.23762376e-01
 6.33663366e-01
 6.43564356e-01
 6.53465347e-01
 6.63366337e-01
 6.73267327e-01
 6.83168317e-01
 6.93069307e-01
 7.02970297e-01
 7.12871287e-01
 7.22772277e-01
 7.32673267e-01
 7.42574257e-01
 7.52475248e-01
 7.62376238e-01
 7.72277228e-01
 7.82178218e-01
 7.92079208e-01
 8.01980198e-01
 8.11881188e-01
 8.21782178e-01
 8.31683168e-01
 8.41584158e-01
 8.51485149e-01
 8.61386139e-01
 8.71287129e-01
 8.81188119e-01
 8.91089109e-01
 9.00990099e-01
 9.10891089e-01
 9.20792079e-01
 9.30693069e-01
 9.40594059e-01
 9.50495050e-01
 9.60396040e-01
 9.70297030e-01
 9.80198020e-01
 9.90099010e-01
 1.00000000e+00
